0 0.1203453125 0.4028125 0.015690625 0.015
0 0.1281578125 0.3778125 0.015690625 0.015
0 0.12633359375 0.388125 0.015167187500000002 0.013750000000000002
0 0.1923578125 0.45287499999999997 0.019090625 0.01825
0 0.27673281250000004 0.42943749999999997 0.019090625 0.01825
0 0.2861078125 0.40599999999999997 0.019090625 0.01825
0 0.1797203125 0.291875 0.015690625 0.015
0 0.2945671875 0.2098125 0.017259375 0.0165
0 0.3180046875 0.2145 0.017259375 0.0165
0 0.3562828125 0.210625 0.015690625 0.015
0 0.35185703125 0.200625 0.0162140625 0.013750000000000002
0 0.3484703125 0.2184375 0.015690625 0.015
0 0.34769218749999997 0.1629375 0.017259375 0.0165
0 0.3359703125 0.166875 0.015690625 0.015
0 0.40081718750000006 0.1645 0.017259375 0.0165
0 0.3836296875 0.223875 0.017259375 0.0165
0 0.42269218750000004 0.2895 0.017259375 0.0165
0 0.46331718750000006 0.2895 0.017259375 0.0165
0 0.4289421875 0.3285625 0.017259375 0.0165
0 0.40081718750000006 0.3145 0.017259375 0.0165
0 0.4750328125 0.34187500000000004 0.015690625 0.015
0 0.44222031250000005 0.34500000000000003 0.015690625 0.015
0 0.4406578125 0.35750000000000004 0.015690625 0.015
0 0.48923281249999995 0.34975 0.019090625 0.01825
0 0.47659531250000003 0.3665625 0.015690625 0.01125
0 0.47581093750000003 0.3728125 0.014121875 0.01125
0 0.49338359374999996 0.3799375 0.0117671875 0.013000000000000001
0 0.49937890625000003 0.3803125 0.0143828125 0.013750000000000002
0 0.5383171875 0.35825 0.017259375 0.0165
0 0.5750328125 0.2403125 0.015690625 0.015
0 0.48987968750000005 0.40824999999999995 0.017259375 0.0165
0 0.32764765625000003 0.3303125 0.0209203125 0.02
0 0.3595453125 0.3685 0.019090625 0.01825
0 0.3055046875 0.34975 0.017259375 0.012
0 0.305896875 0.3615625 0.01804375 0.013750000000000002
0 0.3829828125 0.47631249999999997 0.019090625 0.01825
0 0.1782953125 0.5872499999999999 0.019090625 0.01825
0 0.2782953125 0.5544374999999999 0.019090625 0.01825
0 0.2876703125 0.5763125 0.019090625 0.01825
0 0.2626703125 0.6028749999999999 0.019090625 0.01825
0 0.26892031250000004 0.621625 0.019090625 0.01825
0 0.2501703125 0.7419374999999999 0.019090625 0.01825
0 0.2986078125 0.7419374999999999 0.019090625 0.01825
0 0.22972031249999997 0.7559375 0.015690625 0.015
0 0.2226921875 0.748875 0.017259375 0.0165
0 0.2383171875 0.7645 0.017259375 0.0165
0 0.2601921875 0.7863749999999999 0.017259375 0.0165
0 0.25315781249999997 0.779375 0.015690625 0.015
0 0.2892328125 0.8075625000000001 0.019090625 0.01825
0 0.3117546875 0.8332499999999999 0.017259375 0.0165
0 0.3250328125 0.8418749999999999 0.015690625 0.015
0 0.3414421875 0.84575 0.017259375 0.0165
0 0.3484703125 0.8574999999999999 0.015690625 0.015
0 0.3687828125 0.8121875 0.015690625 0.015
0 0.35432109375 0.7970625 0.0117671875 0.016
0 0.36369609375 0.7973125 0.0117671875 0.0165
0 0.37384921875 0.8735625 0.010198437500000001 0.012750000000000001
0 0.3687828125 0.8699999999999999 0.015690625 0.015
0 0.38128281249999996 0.8746875 0.015690625 0.015
0 0.3961296875 0.8785624999999999 0.017259375 0.0165
0 0.42425468750000006 0.88325 0.017259375 0.0165
0 0.6359703125 0.8278125 0.015690625 0.015
0 0.6437828125 0.845 0.015690625 0.015
0 0.6562828125 0.8403124999999999 0.015690625 0.015
0 0.7031578125 0.7684375 0.015690625 0.015
0 0.7164421875 0.752 0.017259375 0.0165
0 0.6117546875000001 0.6051249999999999 0.017259375 0.0165
0 0.6234703125000001 0.5590625 0.015690625 0.015
0 0.8109703125 0.57625 0.015690625 0.015
0 0.5640953125 0.495 0.015690625 0.015
0 0.5625328125 0.479375 0.015690625 0.015
0 0.6640953125 0.48875 0.015690625 0.015
0 0.7000328125 0.5153125000000001 0.015690625 0.015
0 0.67008359375 0.5140625 0.015167187500000002 0.0125
0 0.6695609375 0.5234375 0.014121875 0.0125
0 0.65275859375 0.5335625 0.0117671875 0.014000000000000002
0 0.64338359375 0.531875 0.0117671875 0.013750000000000002
0 0.7281578125 0.47468750000000004 0.015690625 0.015
0 0.6937828125000001 0.445 0.015690625 0.015
0 0.6984703125 0.43093750000000003 0.015690625 0.015
0 0.7011960937499999 0.4873125 0.0117671875 0.01525
0 0.69182109375 0.4868125 0.0117671875 0.014249999999999999
0 0.8281578125 0.43875000000000003 0.015690625 0.015
0 0.8531578124999999 0.479375 0.015690625 0.015
0 0.7969078125 0.46687500000000004 0.015690625 0.015
0 0.7820671875 0.373875 0.017259375 0.0165
0 0.791828125 0.4095 0.01490625 0.012750000000000001
0 0.7885718749999999 0.4025 0.01464375 0.01125
0 0.7765953125 0.3246875 0.015690625 0.015
0 0.77437890625 0.30843750000000003 0.0143828125 0.013750000000000002
0 0.7859703125 0.29812500000000003 0.015690625 0.015
0 0.7687828125 0.2840625 0.015690625 0.015
0 0.7652585937499999 0.2946875 0.0117671875 0.01125
0 0.75119609375 0.28375 0.0117671875 0.01125
0 0.7558835937499999 0.2915625 0.0117671875 0.01125
0 0.747025 0.2874375 0.009675 0.00925
0 0.733740625 0.278875 0.008106249999999999 0.00775
0 0.6735875 0.3405625 0.009675 0.00925
0 0.6669453125 0.348 0.008890625000000001 0.0085
0 0.66682109375 0.33999999999999997 0.0117671875 0.01125
0 0.6741109375 0.3473125 0.010721875 0.010249999999999999
0 0.1203453125 0.4028125 0.015690625 0.015
0 0.1281578125 0.3778125 0.015690625 0.015
0 0.12633359375 0.388125 0.015167187500000002 0.013750000000000002
0 0.1923578125 0.45287499999999997 0.019090625 0.01825
0 0.27673281250000004 0.42943749999999997 0.019090625 0.01825
0 0.2861078125 0.40599999999999997 0.019090625 0.01825
0 0.1797203125 0.291875 0.015690625 0.015
0 0.2945671875 0.2098125 0.017259375 0.0165
0 0.3180046875 0.2145 0.017259375 0.0165
0 0.3562828125 0.210625 0.015690625 0.015
0 0.35185703125 0.200625 0.0162140625 0.013750000000000002
0 0.3484703125 0.2184375 0.015690625 0.015
0 0.34769218749999997 0.1629375 0.017259375 0.0165
0 0.3359703125 0.166875 0.015690625 0.015
0 0.40081718750000006 0.1645 0.017259375 0.0165
0 0.3836296875 0.223875 0.017259375 0.0165
0 0.42269218750000004 0.2895 0.017259375 0.0165
0 0.46331718750000006 0.2895 0.017259375 0.0165
0 0.4289421875 0.3285625 0.017259375 0.0165
0 0.40081718750000006 0.3145 0.017259375 0.0165
0 0.4750328125 0.34187500000000004 0.015690625 0.015
0 0.44222031250000005 0.34500000000000003 0.015690625 0.015
0 0.4406578125 0.35750000000000004 0.015690625 0.015
0 0.48923281249999995 0.34975 0.019090625 0.01825
0 0.47659531250000003 0.3665625 0.015690625 0.01125
0 0.47581093750000003 0.3728125 0.014121875 0.01125
0 0.49338359374999996 0.3799375 0.0117671875 0.013000000000000001
0 0.49937890625000003 0.3803125 0.0143828125 0.013750000000000002
0 0.5383171875 0.35825 0.017259375 0.0165
0 0.5750328125 0.2403125 0.015690625 0.015
0 0.48987968750000005 0.40824999999999995 0.017259375 0.0165
0 0.32764765625000003 0.3303125 0.0209203125 0.02
0 0.3595453125 0.3685 0.019090625 0.01825
0 0.3055046875 0.34975 0.017259375 0.012
0 0.305896875 0.3615625 0.01804375 0.013750000000000002
0 0.3829828125 0.47631249999999997 0.019090625 0.01825
0 0.1782953125 0.5872499999999999 0.019090625 0.01825
0 0.2782953125 0.5544374999999999 0.019090625 0.01825
0 0.2876703125 0.5763125 0.019090625 0.01825
0 0.2626703125 0.6028749999999999 0.019090625 0.01825
0 0.26892031250000004 0.621625 0.019090625 0.01825
0 0.2501703125 0.7419374999999999 0.019090625 0.01825
0 0.2986078125 0.7419374999999999 0.019090625 0.01825
0 0.22972031249999997 0.7559375 0.015690625 0.015
0 0.2226921875 0.748875 0.017259375 0.0165
0 0.2383171875 0.7645 0.017259375 0.0165
0 0.2601921875 0.7863749999999999 0.017259375 0.0165
0 0.25315781249999997 0.779375 0.015690625 0.015
0 0.2892328125 0.8075625000000001 0.019090625 0.01825
0 0.3117546875 0.8332499999999999 0.017259375 0.0165
0 0.3250328125 0.8418749999999999 0.015690625 0.015
0 0.3414421875 0.84575 0.017259375 0.0165
0 0.3484703125 0.8574999999999999 0.015690625 0.015
0 0.3687828125 0.8121875 0.015690625 0.015
0 0.35432109375 0.7970625 0.0117671875 0.016
0 0.36369609375 0.7973125 0.0117671875 0.0165
0 0.37384921875 0.8735625 0.010198437500000001 0.012750000000000001
0 0.3687828125 0.8699999999999999 0.015690625 0.015
0 0.38128281249999996 0.8746875 0.015690625 0.015
0 0.3961296875 0.8785624999999999 0.017259375 0.0165
0 0.42425468750000006 0.88325 0.017259375 0.0165
0 0.6359703125 0.8278125 0.015690625 0.015
0 0.6437828125 0.845 0.015690625 0.015
0 0.6562828125 0.8403124999999999 0.015690625 0.015
0 0.7031578125 0.7684375 0.015690625 0.015
0 0.7164421875 0.752 0.017259375 0.0165
0 0.6117546875000001 0.6051249999999999 0.017259375 0.0165
0 0.6234703125000001 0.5590625 0.015690625 0.015
0 0.8109703125 0.57625 0.015690625 0.015
0 0.5640953125 0.495 0.015690625 0.015
0 0.5625328125 0.479375 0.015690625 0.015
0 0.6640953125 0.48875 0.015690625 0.015
0 0.7000328125 0.5153125000000001 0.015690625 0.015
0 0.67008359375 0.5140625 0.015167187500000002 0.0125
0 0.6695609375 0.5234375 0.014121875 0.0125
0 0.65275859375 0.5335625 0.0117671875 0.014000000000000002
0 0.64338359375 0.531875 0.0117671875 0.013750000000000002
0 0.7281578125 0.47468750000000004 0.015690625 0.015
0 0.6937828125000001 0.445 0.015690625 0.015
0 0.6984703125 0.43093750000000003 0.015690625 0.015
0 0.7011960937499999 0.4873125 0.0117671875 0.01525
0 0.69182109375 0.4868125 0.0117671875 0.014249999999999999
0 0.8281578125 0.43875000000000003 0.015690625 0.015
0 0.8531578124999999 0.479375 0.015690625 0.015
0 0.7969078125 0.46687500000000004 0.015690625 0.015
0 0.7820671875 0.373875 0.017259375 0.0165
0 0.791828125 0.4095 0.01490625 0.012750000000000001
0 0.7885718749999999 0.4025 0.01464375 0.01125
0 0.7765953125 0.3246875 0.015690625 0.015
0 0.77437890625 0.30843750000000003 0.0143828125 0.013750000000000002
0 0.7859703125 0.29812500000000003 0.015690625 0.015
0 0.7687828125 0.2840625 0.015690625 0.015
0 0.7652585937499999 0.2946875 0.0117671875 0.01125
0 0.75119609375 0.28375 0.0117671875 0.01125
0 0.7558835937499999 0.2915625 0.0117671875 0.01125
0 0.747025 0.2874375 0.009675 0.00925
0 0.733740625 0.278875 0.008106249999999999 0.00775
0 0.6735875 0.3405625 0.009675 0.00925
0 0.6669453125 0.348 0.008890625000000001 0.0085
0 0.66682109375 0.33999999999999997 0.0117671875 0.01125
0 0.6741109375 0.3473125 0.010721875 0.010249999999999999
