0 0.1696453125 0.429375 0.054915625 0.052500000000000005
0 0.3069953125 0.43568749999999995 0.045240625 0.04325
0 0.16584062500000002 0.5805625 0.04105625 0.03925
0 0.323653125 0.542125 0.04105625 0.0405
0 0.38588515624999997 0.53975 0.0373953125 0.03575
0 0.39709062500000003 0.494625 0.04105625 0.03925
0 0.379615625 0.5680625 0.027981250000000003 0.026750000000000003
0 0.328340625 0.6118125 0.04105625 0.03925
0 0.41242812500000003 0.5805625 0.027981250000000003 0.026750000000000003
0 0.42324140625 0.5694375 0.030857812499999998 0.0295
0 0.43418515625 0.5974999999999999 0.0339953125 0.0325
0 0.46543515625 0.55375 0.0339953125 0.0325
0 0.47949765624999996 0.49749999999999994 0.0339953125 0.0325
0 0.46074765624999997 0.5209374999999999 0.0339953125 0.0325
0 0.509590625 0.5930625 0.04105625 0.03925
0 0.556465625 0.607125 0.04105625 0.03925
0 0.59994765625 0.55225 0.0373953125 0.03575
0 0.57963515625 0.517875 0.0373953125 0.03575
0 0.564278125 0.4993125 0.04105625 0.03925
0 0.3648078125 0.265375 0.045240625 0.04325
0 0.39426640625 0.21793749999999998 0.060407812500000005 0.05775
0 0.46580781250000003 0.1419375 0.025365625000000003 0.03075
0 0.487428125 0.1375 0.027981250000000003 0.03125
0 0.54369765625 0.18462499999999998 0.0373953125 0.03175
0 0.53641484375 0.16 0.041579687500000004 0.0325
0 0.75609296875 0.26437499999999997 0.0496859375 0.0475
0 0.7288703125 0.5435 0.045240625 0.04325
0 0.6819953125 0.5872499999999999 0.045240625 0.04325
0 0.6011046875 0.6784375 0.030334375000000004 0.034999999999999996
0 0.58417890625 0.6823125 0.030857812499999998 0.0365
0 0.46244765625 0.65225 0.0373953125 0.03575
0 0.44994765625 0.674125 0.0373953125 0.03575
0 0.41231015624999995 0.6693749999999999 0.0339953125 0.0325
0 0.38574765625 0.6803125 0.0339953125 0.0325
0 0.42167890625000004 0.7006875 0.030857812499999998 0.0295
0 0.39682265625 0.7069375 0.0373953125 0.03575
0 0.46699140625 0.7468125 0.030857812499999998 0.0405
0 0.44199140625 0.7473124999999999 0.030857812499999998 0.041499999999999995
0 0.5319953125 0.7231875 0.045240625 0.04325
0 0.49203046875 0.8284375 0.0496859375 0.0475
0 0.41997265625 0.898375 0.0243203125 0.00925
0 0.32167890625 0.7225625 0.030857812499999998 0.0295
0 0.300215625 0.7618125 0.04105625 0.03925
0 0.1696453125 0.429375 0.054915625 0.052500000000000005
0 0.3069953125 0.43568749999999995 0.045240625 0.04325
0 0.16584062500000002 0.5805625 0.04105625 0.03925
0 0.323653125 0.542125 0.04105625 0.0405
0 0.38588515624999997 0.53975 0.0373953125 0.03575
0 0.39709062500000003 0.494625 0.04105625 0.03925
0 0.379615625 0.5680625 0.027981250000000003 0.026750000000000003
0 0.328340625 0.6118125 0.04105625 0.03925
0 0.41242812500000003 0.5805625 0.027981250000000003 0.026750000000000003
0 0.42324140625 0.5694375 0.030857812499999998 0.0295
0 0.43418515625 0.5974999999999999 0.0339953125 0.0325
0 0.46543515625 0.55375 0.0339953125 0.0325
0 0.47949765624999996 0.49749999999999994 0.0339953125 0.0325
0 0.46074765624999997 0.5209374999999999 0.0339953125 0.0325
0 0.509590625 0.5930625 0.04105625 0.03925
0 0.556465625 0.607125 0.04105625 0.03925
0 0.59994765625 0.55225 0.0373953125 0.03575
0 0.57963515625 0.517875 0.0373953125 0.03575
0 0.564278125 0.4993125 0.04105625 0.03925
0 0.3648078125 0.265375 0.045240625 0.04325
0 0.39426640625 0.21793749999999998 0.060407812500000005 0.05775
0 0.46580781250000003 0.1419375 0.025365625000000003 0.03075
0 0.487428125 0.1375 0.027981250000000003 0.03125
0 0.54369765625 0.18462499999999998 0.0373953125 0.03175
0 0.53641484375 0.16 0.041579687500000004 0.0325
0 0.75609296875 0.26437499999999997 0.0496859375 0.0475
0 0.7288703125 0.5435 0.045240625 0.04325
0 0.6819953125 0.5872499999999999 0.045240625 0.04325
0 0.6011046875 0.6784375 0.030334375000000004 0.034999999999999996
0 0.58417890625 0.6823125 0.030857812499999998 0.0365
0 0.46244765625 0.65225 0.0373953125 0.03575
0 0.44994765625 0.674125 0.0373953125 0.03575
0 0.41231015624999995 0.6693749999999999 0.0339953125 0.0325
0 0.38574765625 0.6803125 0.0339953125 0.0325
0 0.42167890625000004 0.7006875 0.030857812499999998 0.0295
0 0.39682265625 0.7069375 0.0373953125 0.03575
0 0.46699140625 0.7468125 0.030857812499999998 0.0405
0 0.44199140625 0.7473124999999999 0.030857812499999998 0.041499999999999995
0 0.5319953125 0.7231875 0.045240625 0.04325
0 0.49203046875 0.8284375 0.0496859375 0.0475
0 0.41997265625 0.898375 0.0243203125 0.00925
0 0.32167890625 0.7225625 0.030857812499999998 0.0295
0 0.300215625 0.7618125 0.04105625 0.03925
