0 0.3767453125 0.1230625 0.025365625000000003 0.02425
0 0.44237031250000003 0.11681250000000001 0.025365625000000003 0.02425
0 0.5326226562499999 0.100625 0.0339953125 0.0325
0 0.6189328125 0.09962499999999999 0.025365625000000003 0.02425
0 0.6943515625 0.1784375 0.038703125 0.0475
0 0.7209078124999999 0.17475000000000002 0.035565625000000003 0.04325
0 0.8448351562499999 0.388125 0.0209203125 0.02
0 0.8508171875 0.41137499999999994 0.017259375 0.0165
0 0.8409125 0.4046875 0.013075 0.0125
0 0.8367546875 0.41606249999999995 0.017259375 0.0165
0 0.93887265625 0.42874999999999996 0.0339953125 0.0325
0 0.81007421875 0.45175 0.0232734375 0.02225
0 0.8617804687499999 0.47375 0.029810937500000002 0.0225
0 0.85111796875 0.482125 0.0366109375 0.026750000000000003
0 0.83645390625 0.516375 0.060407812500000005 0.05775
0 0.78914765625 0.4888125 0.0407953125 0.04325
0 0.750496875 0.4838125 0.050993750000000004 0.03325
0 0.7506671875 0.516125 0.070084375 0.0635
0 0.644103125 0.57925 0.10695625 0.10225
0 0.9104539062500001 0.5743125 0.0802828125 0.07675
0 0.8875132812500001 0.63 0.0687765625 0.0475
0 0.8763273437500001 0.666375 0.0745296875 0.05775
0 0.840840625 0.707125 0.04105625 0.03925
0 0.78960546875 0.6989375 0.0729609375 0.06975
0 0.79475703125 0.7428125 0.0457640625 0.0325
0 0.7826164062500001 0.7756875 0.030857812499999998 0.0295
0 0.7564328125 0.787125 0.025365625000000003 0.02425
0 0.740553125 0.775875 0.027981250000000003 0.026750000000000003
0 0.6555046875 0.8348125 0.017259375 0.0165
0 0.64519453125 0.827875 0.0060140625 0.00575
0 0.57882421875 0.8394375000000001 0.0232734375 0.0195
0 0.436153125 0.3899375 0.04105625 0.03925
0 0.395528125 0.413375 0.04105625 0.03925
0 0.20292890625 0.267875 0.030857812499999998 0.0295
0 0.15137265625000002 0.37093750000000003 0.0339953125 0.0325
0 0.13755859374999999 0.4334375 0.028242187499999998 0.0325
0 0.147090625 0.500875 0.04105625 0.03925
0 0.17887031250000002 0.5700624999999999 0.045240625 0.04325
0 0.31826640624999997 0.744625 0.0802828125 0.07675
0 0.37707890625 0.7679375 0.060407812500000005 0.05775
0 0.41216015625 0.719625 0.0868203125 0.07675
0 0.4469140625 0.7720625 0.081328125 0.07225000000000001
0 0.42338515625 0.8053750000000001 0.0373953125 0.03575
0 0.3767453125 0.1230625 0.025365625000000003 0.02425
0 0.44237031250000003 0.11681250000000001 0.025365625000000003 0.02425
0 0.5326226562499999 0.100625 0.0339953125 0.0325
0 0.6189328125 0.09962499999999999 0.025365625000000003 0.02425
0 0.6943515625 0.1784375 0.038703125 0.0475
0 0.7209078124999999 0.17475000000000002 0.035565625000000003 0.04325
0 0.8448351562499999 0.388125 0.0209203125 0.02
0 0.8508171875 0.41137499999999994 0.017259375 0.0165
0 0.8409125 0.4046875 0.013075 0.0125
0 0.8367546875 0.41606249999999995 0.017259375 0.0165
0 0.93887265625 0.42874999999999996 0.0339953125 0.0325
0 0.81007421875 0.45175 0.0232734375 0.02225
0 0.8617804687499999 0.47375 0.029810937500000002 0.0225
0 0.85111796875 0.482125 0.0366109375 0.026750000000000003
0 0.83645390625 0.516375 0.060407812500000005 0.05775
0 0.78914765625 0.4888125 0.0407953125 0.04325
0 0.750496875 0.4838125 0.050993750000000004 0.03325
0 0.7506671875 0.516125 0.070084375 0.0635
0 0.644103125 0.57925 0.10695625 0.10225
0 0.9104539062500001 0.5743125 0.0802828125 0.07675
0 0.8875132812500001 0.63 0.0687765625 0.0475
0 0.8763273437500001 0.666375 0.0745296875 0.05775
0 0.840840625 0.707125 0.04105625 0.03925
0 0.78960546875 0.6989375 0.0729609375 0.06975
0 0.79475703125 0.7428125 0.0457640625 0.0325
0 0.7826164062500001 0.7756875 0.030857812499999998 0.0295
0 0.7564328125 0.787125 0.025365625000000003 0.02425
0 0.740553125 0.775875 0.027981250000000003 0.026750000000000003
0 0.6555046875 0.8348125 0.017259375 0.0165
0 0.64519453125 0.827875 0.0060140625 0.00575
0 0.57882421875 0.8394375000000001 0.0232734375 0.0195
0 0.436153125 0.3899375 0.04105625 0.03925
0 0.395528125 0.413375 0.04105625 0.03925
0 0.20292890625 0.267875 0.030857812499999998 0.0295
0 0.15137265625000002 0.37093750000000003 0.0339953125 0.0325
0 0.13755859374999999 0.4334375 0.028242187499999998 0.0325
0 0.147090625 0.500875 0.04105625 0.03925
0 0.17887031250000002 0.5700624999999999 0.045240625 0.04325
0 0.31826640624999997 0.744625 0.0802828125 0.07675
0 0.37707890625 0.7679375 0.060407812500000005 0.05775
0 0.41216015625 0.719625 0.0868203125 0.07675
0 0.4469140625 0.7720625 0.081328125 0.07225000000000001
0 0.42338515625 0.8053750000000001 0.0373953125 0.03575
