0 0.6026039062499999 0.24656250000000002 0.0520828125 0.052500000000000005
0 0.63645859375 0.2606875 0.0572921875 0.062
0 0.84427109375 0.6154375 0.0572921875 0.06525
0 0.7167656250000001 0.7888124999999999 0.04290625 0.04325
0 0.42552109375 0.8304375 0.0572921875 0.05775
0 0.6026039062499999 0.24656250000000002 0.0520828125 0.052500000000000005
0 0.63645859375 0.2606875 0.0572921875 0.062
0 0.84427109375 0.6154375 0.0572921875 0.06525
0 0.7167656250000001 0.7888124999999999 0.04290625 0.04325
0 0.42552109375 0.8304375 0.0572921875 0.05775
