0 0.16682421875 0.502875 0.0430234375 0.04325
0 0.19921015625 0.400875 0.0390453125 0.03925
0 0.42987578125 0.45187499999999997 0.0472515625 0.0475
0 0.33557421875000004 0.1950625 0.0430234375 0.04325
0 0.5621367187499999 0.2013125 0.0430234375 0.04325
0 0.7167382812499999 0.3434375 0.0522265625 0.052500000000000005
0 0.16682421875 0.502875 0.0430234375 0.04325
0 0.19921015625 0.400875 0.0390453125 0.03925
0 0.42987578125 0.45187499999999997 0.0472515625 0.0475
0 0.33557421875000004 0.1950625 0.0430234375 0.04325
0 0.5621367187499999 0.2013125 0.0430234375 0.04325
0 0.7167382812499999 0.3434375 0.0522265625 0.052500000000000005
