0 0.6342515625 0.1990625 0.021628125 0.02
0 0.28703046875 0.35175 0.024060937499999997 0.02225
0 0.16984296875 0.45487500000000003 0.024060937499999997 0.02225
0 0.20265546875 0.4970625 0.024060937499999997 0.02225
0 0.4248765625 0.5334375 0.021628125 0.02
0 0.4311265625 0.625625 0.021628125 0.02
0 0.32707109375 0.66625 0.0135171875 0.02
0 0.31640390625000003 0.6666875 0.014057812499999999 0.01775
0 0.17018906250000002 0.744375 0.021628125 0.02
0 0.64953046875 0.4189375 0.024060937499999997 0.02225
0 0.6342515625 0.1990625 0.021628125 0.02
0 0.28703046875 0.35175 0.024060937499999997 0.02225
0 0.16984296875 0.45487500000000003 0.024060937499999997 0.02225
0 0.20265546875 0.4970625 0.024060937499999997 0.02225
0 0.4248765625 0.5334375 0.021628125 0.02
0 0.4311265625 0.625625 0.021628125 0.02
0 0.32707109375 0.66625 0.0135171875 0.02
0 0.31640390625000003 0.6666875 0.014057812499999999 0.01775
0 0.17018906250000002 0.744375 0.021628125 0.02
0 0.64953046875 0.4189375 0.024060937499999997 0.02225
