0 0.141396875 0.580125 0.010918750000000001 0.010249999999999999
0 0.19661718749999998 0.5790625 0.011984375 0.01125
0 0.207021875 0.5598124999999999 0.010918750000000001 0.010249999999999999
0 0.236709375 0.5879375 0.010918750000000001 0.010249999999999999
0 0.2356796875 0.6478125 0.011984375 0.01125
0 0.167125 0.673 0.006125 0.0085
0 0.271084375 0.7004374999999999 0.010918750000000001 0.010249999999999999
0 0.2903671875 0.6978125000000001 0.011984375 0.01125
0 0.3184921875 0.6728125 0.011984375 0.01125
0 0.26247265625 0.77575 0.0093203125 0.00775
0 0.335146875 0.8098124999999999 0.010918750000000001 0.010249999999999999
0 0.3997421875 0.8228125000000001 0.011984375 0.01125
0 0.46224218749999996 0.818125 0.011984375 0.01125
0 0.48880468749999995 0.8243750000000001 0.011984375 0.01125
0 0.37786718750000003 0.73375 0.011984375 0.01125
0 0.41716015625 0.7348125 0.0093203125 0.010249999999999999
0 0.42653515625000005 0.736375 0.0093203125 0.010249999999999999
0 0.45755468749999995 0.74 0.011984375 0.01125
0 0.4540296875 0.7311875 0.011184375 0.00925
0 0.4794296875 0.7306250000000001 0.011984375 0.01125
0 0.5356796875 0.7540625000000001 0.011984375 0.01125
0 0.4950546875 0.7150000000000001 0.011984375 0.01125
0 0.588271875 0.7473124999999999 0.010918750000000001 0.010249999999999999
0 0.621084375 0.7707499999999999 0.010918750000000001 0.010249999999999999
0 0.5856796875 0.680625 0.011984375 0.01125
0 0.4763046875 0.6368750000000001 0.011984375 0.01125
0 0.4559921875 0.6165625 0.011984375 0.01125
0 0.40702187500000003 0.6436875 0.010918750000000001 0.00925
0 0.40363046875 0.6468125 0.010385937500000001 0.00925
0 0.363271875 0.611375 0.010918750000000001 0.010249999999999999
0 0.302334375 0.5832499999999999 0.010918750000000001 0.010249999999999999
0 0.292959375 0.622625 0.010918750000000001 0.00775
0 0.29166328125 0.61625 0.0114515625 0.0075
0 0.158584375 0.5066875 0.010918750000000001 0.010249999999999999
0 0.172646875 0.5066875 0.010918750000000001 0.010249999999999999
0 0.219521875 0.5254375 0.010918750000000001 0.010249999999999999
0 0.232021875 0.5145 0.010918750000000001 0.010249999999999999
0 0.3106796875 0.4884375 0.011984375 0.01125
0 0.27354375000000003 0.5191874999999999 0.0095875 0.010249999999999999
0 0.282021875 0.5207499999999999 0.010918750000000001 0.010249999999999999
0 0.16692968749999998 0.436875 0.011984375 0.01125
0 0.277334375 0.4535625 0.010918750000000001 0.010249999999999999
0 0.31430156249999996 0.45462499999999995 0.009853125 0.00925
0 0.250771875 0.40824999999999995 0.010918750000000001 0.010249999999999999
0 0.257021875 0.3941875 0.010918750000000001 0.010249999999999999
0 0.305459375 0.41293749999999996 0.010918750000000001 0.010249999999999999
0 0.269521875 0.3691875 0.010918750000000001 0.010249999999999999
0 0.285146875 0.3848125 0.010918750000000001 0.010249999999999999
0 0.297646875 0.3848125 0.010918750000000001 0.010249999999999999
0 0.346084375 0.40512499999999996 0.010918750000000001 0.010249999999999999
0 0.3800953125 0.4046875 0.013315625000000001 0.0125
0 0.3903671875 0.44625000000000004 0.011984375 0.01125
0 0.5091171875 0.5181250000000001 0.011984375 0.01125
0 0.5700546875 0.5853125 0.011984375 0.01125
0 0.7429593750000001 0.72075 0.010918750000000001 0.010249999999999999
0 0.7377390625 0.7108749999999999 0.009853125 0.00925
0 0.7413968750000001 0.702 0.010918750000000001 0.010249999999999999
0 0.763271875 0.67075 0.010918750000000001 0.010249999999999999
0 0.8153671875 0.7009375 0.011984375 0.01125
0 0.8351468750000001 0.673875 0.010918750000000001 0.010249999999999999
0 0.8716171875000001 0.680625 0.011984375 0.01125
0 0.8653671875000001 0.665 0.011984375 0.01125
0 0.692959375 0.555125 0.010918750000000001 0.010249999999999999
0 0.763271875 0.5519999999999999 0.010918750000000001 0.010249999999999999
0 0.791396875 0.5441874999999999 0.010918750000000001 0.010249999999999999
0 0.871084375 0.477 0.010918750000000001 0.010249999999999999
0 0.8919296875 0.41656250000000006 0.011984375 0.01125
0 0.9523343750000001 0.40981249999999997 0.010918750000000001 0.010249999999999999
0 0.9263046875000001 0.3665625 0.011984375 0.01125
0 0.9070218750000001 0.348875 0.010918750000000001 0.010249999999999999
0 0.8122421875000001 0.343125 0.011984375 0.01125
0 0.646084375 0.3645 0.010918750000000001 0.010249999999999999
0 0.611709375 0.3645 0.010918750000000001 0.010249999999999999
0 0.6788968750000001 0.33325 0.010918750000000001 0.010249999999999999
0 0.728896875 0.292625 0.010918750000000001 0.010249999999999999
0 0.6783640625 0.264 0.009853125 0.00925
0 0.6632718750000001 0.2754375 0.010918750000000001 0.010249999999999999
0 0.6476468750000001 0.277 0.010918750000000001 0.010249999999999999
0 0.6101468750000001 0.3160625 0.010918750000000001 0.010249999999999999
0 0.5700546875 0.336875 0.011984375 0.01125
0 0.6101468750000001 0.2941875 0.010918750000000001 0.010249999999999999
0 0.536709375 0.305125 0.010918750000000001 0.010249999999999999
0 0.47889687500000006 0.2973125 0.010918750000000001 0.010249999999999999
0 0.7716171875 0.168125 0.011984375 0.01125
0 0.7497421875 0.143125 0.011984375 0.01125
0 0.646084375 0.180125 0.010918750000000001 0.010249999999999999
0 0.6101468750000001 0.217625 0.010918750000000001 0.010249999999999999
0 0.6002390625 0.21556250000000002 0.009853125 0.00925
0 0.6330515625 0.0811875 0.009853125 0.00925
0 0.589834375 0.1066875 0.010918750000000001 0.010249999999999999
0 0.5304593750000001 0.217625 0.010918750000000001 0.010249999999999999
0 0.5455515625 0.22181250000000002 0.009853125 0.00925
0 0.5398343750000001 0.230125 0.010918750000000001 0.010249999999999999
0 0.5059921875 0.0821875 0.011984375 0.01125
0 0.510146875 0.1129375 0.010918750000000001 0.010249999999999999
0 0.503896875 0.1504375 0.010918750000000001 0.010249999999999999
0 0.5080515625 0.17962499999999998 0.009853125 0.00925
0 0.502334375 0.19575 0.010918750000000001 0.010249999999999999
0 0.49139687500000007 0.2004375 0.010918750000000001 0.010249999999999999
0 0.4794296875 0.2228125 0.011984375 0.01125
0 0.45233437500000007 0.127 0.010918750000000001 0.010249999999999999
0 0.45233437500000007 0.1410625 0.010918750000000001 0.010249999999999999
0 0.43045937500000003 0.1379375 0.010918750000000001 0.010249999999999999
0 0.40702187500000003 0.1645 0.010918750000000001 0.010249999999999999
0 0.397646875 0.180125 0.010918750000000001 0.010249999999999999
0 0.42733437500000004 0.1941875 0.010918750000000001 0.010249999999999999
0 0.40442968749999997 0.25875 0.011984375 0.01125
0 0.382021875 0.2879375 0.010918750000000001 0.010249999999999999
0 0.3754078125 0.1375 0.013315625000000001 0.0125
0 0.34661718750000003 0.15562499999999999 0.011984375 0.01125
0 0.341396875 0.192625 0.010918750000000001 0.010249999999999999
0 0.344521875 0.2160625 0.010918750000000001 0.010249999999999999
0 0.327334375 0.352 0.010918750000000001 0.010249999999999999
0 0.264 0.34975 0.006125 0.00575
0 0.2643015625 0.3343125 0.009853125 0.00925
0 0.2716171875 0.30874999999999997 0.011984375 0.01125
0 0.2377390625 0.3030625 0.009853125 0.00925
0 0.2361765625 0.323375 0.009853125 0.00925
0 0.241228125 0.3285 0.00745625 0.007000000000000001
0 0.2127390625 0.323375 0.009853125 0.00925
0 0.197646875 0.252 0.010918750000000001 0.010249999999999999
0 0.253896875 0.2145 0.010918750000000001 0.010249999999999999
0 0.141396875 0.580125 0.010918750000000001 0.010249999999999999
0 0.19661718749999998 0.5790625 0.011984375 0.01125
0 0.207021875 0.5598124999999999 0.010918750000000001 0.010249999999999999
0 0.236709375 0.5879375 0.010918750000000001 0.010249999999999999
0 0.2356796875 0.6478125 0.011984375 0.01125
0 0.167125 0.673 0.006125 0.0085
0 0.271084375 0.7004374999999999 0.010918750000000001 0.010249999999999999
0 0.2903671875 0.6978125000000001 0.011984375 0.01125
0 0.3184921875 0.6728125 0.011984375 0.01125
0 0.26247265625 0.77575 0.0093203125 0.00775
0 0.335146875 0.8098124999999999 0.010918750000000001 0.010249999999999999
0 0.3997421875 0.8228125000000001 0.011984375 0.01125
0 0.46224218749999996 0.818125 0.011984375 0.01125
0 0.48880468749999995 0.8243750000000001 0.011984375 0.01125
0 0.37786718750000003 0.73375 0.011984375 0.01125
0 0.41716015625 0.7348125 0.0093203125 0.010249999999999999
0 0.42653515625000005 0.736375 0.0093203125 0.010249999999999999
0 0.45755468749999995 0.74 0.011984375 0.01125
0 0.4540296875 0.7311875 0.011184375 0.00925
0 0.4794296875 0.7306250000000001 0.011984375 0.01125
0 0.5356796875 0.7540625000000001 0.011984375 0.01125
0 0.4950546875 0.7150000000000001 0.011984375 0.01125
0 0.588271875 0.7473124999999999 0.010918750000000001 0.010249999999999999
0 0.621084375 0.7707499999999999 0.010918750000000001 0.010249999999999999
0 0.5856796875 0.680625 0.011984375 0.01125
0 0.4763046875 0.6368750000000001 0.011984375 0.01125
0 0.4559921875 0.6165625 0.011984375 0.01125
0 0.40702187500000003 0.6436875 0.010918750000000001 0.00925
0 0.40363046875 0.6468125 0.010385937500000001 0.00925
0 0.363271875 0.611375 0.010918750000000001 0.010249999999999999
0 0.302334375 0.5832499999999999 0.010918750000000001 0.010249999999999999
0 0.292959375 0.622625 0.010918750000000001 0.00775
0 0.29166328125 0.61625 0.0114515625 0.0075
0 0.158584375 0.5066875 0.010918750000000001 0.010249999999999999
0 0.172646875 0.5066875 0.010918750000000001 0.010249999999999999
0 0.219521875 0.5254375 0.010918750000000001 0.010249999999999999
0 0.232021875 0.5145 0.010918750000000001 0.010249999999999999
0 0.3106796875 0.4884375 0.011984375 0.01125
0 0.27354375000000003 0.5191874999999999 0.0095875 0.010249999999999999
0 0.282021875 0.5207499999999999 0.010918750000000001 0.010249999999999999
0 0.16692968749999998 0.436875 0.011984375 0.01125
0 0.277334375 0.4535625 0.010918750000000001 0.010249999999999999
0 0.31430156249999996 0.45462499999999995 0.009853125 0.00925
0 0.250771875 0.40824999999999995 0.010918750000000001 0.010249999999999999
0 0.257021875 0.3941875 0.010918750000000001 0.010249999999999999
0 0.305459375 0.41293749999999996 0.010918750000000001 0.010249999999999999
0 0.269521875 0.3691875 0.010918750000000001 0.010249999999999999
0 0.285146875 0.3848125 0.010918750000000001 0.010249999999999999
0 0.297646875 0.3848125 0.010918750000000001 0.010249999999999999
0 0.346084375 0.40512499999999996 0.010918750000000001 0.010249999999999999
0 0.3800953125 0.4046875 0.013315625000000001 0.0125
0 0.3903671875 0.44625000000000004 0.011984375 0.01125
0 0.5091171875 0.5181250000000001 0.011984375 0.01125
0 0.5700546875 0.5853125 0.011984375 0.01125
0 0.7429593750000001 0.72075 0.010918750000000001 0.010249999999999999
0 0.7377390625 0.7108749999999999 0.009853125 0.00925
0 0.7413968750000001 0.702 0.010918750000000001 0.010249999999999999
0 0.763271875 0.67075 0.010918750000000001 0.010249999999999999
0 0.8153671875 0.7009375 0.011984375 0.01125
0 0.8351468750000001 0.673875 0.010918750000000001 0.010249999999999999
0 0.8716171875000001 0.680625 0.011984375 0.01125
0 0.8653671875000001 0.665 0.011984375 0.01125
0 0.692959375 0.555125 0.010918750000000001 0.010249999999999999
0 0.763271875 0.5519999999999999 0.010918750000000001 0.010249999999999999
0 0.791396875 0.5441874999999999 0.010918750000000001 0.010249999999999999
0 0.871084375 0.477 0.010918750000000001 0.010249999999999999
0 0.8919296875 0.41656250000000006 0.011984375 0.01125
0 0.9523343750000001 0.40981249999999997 0.010918750000000001 0.010249999999999999
0 0.9263046875000001 0.3665625 0.011984375 0.01125
0 0.9070218750000001 0.348875 0.010918750000000001 0.010249999999999999
0 0.8122421875000001 0.343125 0.011984375 0.01125
0 0.646084375 0.3645 0.010918750000000001 0.010249999999999999
0 0.611709375 0.3645 0.010918750000000001 0.010249999999999999
0 0.6788968750000001 0.33325 0.010918750000000001 0.010249999999999999
0 0.728896875 0.292625 0.010918750000000001 0.010249999999999999
0 0.6783640625 0.264 0.009853125 0.00925
0 0.6632718750000001 0.2754375 0.010918750000000001 0.010249999999999999
0 0.6476468750000001 0.277 0.010918750000000001 0.010249999999999999
0 0.6101468750000001 0.3160625 0.010918750000000001 0.010249999999999999
0 0.5700546875 0.336875 0.011984375 0.01125
0 0.6101468750000001 0.2941875 0.010918750000000001 0.010249999999999999
0 0.536709375 0.305125 0.010918750000000001 0.010249999999999999
0 0.47889687500000006 0.2973125 0.010918750000000001 0.010249999999999999
0 0.7716171875 0.168125 0.011984375 0.01125
0 0.7497421875 0.143125 0.011984375 0.01125
0 0.646084375 0.180125 0.010918750000000001 0.010249999999999999
0 0.6101468750000001 0.217625 0.010918750000000001 0.010249999999999999
0 0.6002390625 0.21556250000000002 0.009853125 0.00925
0 0.6330515625 0.0811875 0.009853125 0.00925
0 0.589834375 0.1066875 0.010918750000000001 0.010249999999999999
0 0.5304593750000001 0.217625 0.010918750000000001 0.010249999999999999
0 0.5455515625 0.22181250000000002 0.009853125 0.00925
0 0.5398343750000001 0.230125 0.010918750000000001 0.010249999999999999
0 0.5059921875 0.0821875 0.011984375 0.01125
0 0.510146875 0.1129375 0.010918750000000001 0.010249999999999999
0 0.503896875 0.1504375 0.010918750000000001 0.010249999999999999
0 0.5080515625 0.17962499999999998 0.009853125 0.00925
0 0.502334375 0.19575 0.010918750000000001 0.010249999999999999
0 0.49139687500000007 0.2004375 0.010918750000000001 0.010249999999999999
0 0.4794296875 0.2228125 0.011984375 0.01125
0 0.45233437500000007 0.127 0.010918750000000001 0.010249999999999999
0 0.45233437500000007 0.1410625 0.010918750000000001 0.010249999999999999
0 0.43045937500000003 0.1379375 0.010918750000000001 0.010249999999999999
0 0.40702187500000003 0.1645 0.010918750000000001 0.010249999999999999
0 0.397646875 0.180125 0.010918750000000001 0.010249999999999999
0 0.42733437500000004 0.1941875 0.010918750000000001 0.010249999999999999
0 0.40442968749999997 0.25875 0.011984375 0.01125
0 0.382021875 0.2879375 0.010918750000000001 0.010249999999999999
0 0.3754078125 0.1375 0.013315625000000001 0.0125
0 0.34661718750000003 0.15562499999999999 0.011984375 0.01125
0 0.341396875 0.192625 0.010918750000000001 0.010249999999999999
0 0.344521875 0.2160625 0.010918750000000001 0.010249999999999999
0 0.327334375 0.352 0.010918750000000001 0.010249999999999999
0 0.264 0.34975 0.006125 0.00575
0 0.2643015625 0.3343125 0.009853125 0.00925
0 0.2716171875 0.30874999999999997 0.011984375 0.01125
0 0.2377390625 0.3030625 0.009853125 0.00925
0 0.2361765625 0.323375 0.009853125 0.00925
0 0.241228125 0.3285 0.00745625 0.007000000000000001
0 0.2127390625 0.323375 0.009853125 0.00925
0 0.197646875 0.252 0.010918750000000001 0.010249999999999999
0 0.253896875 0.2145 0.010918750000000001 0.010249999999999999
