0 0.44904921875000003 0.2125625 0.0918484375 0.08449999999999999
0 0.2925953125 0.78175 0.075815625 0.06975
0 0.3454484375 0.6054375000000001 0.062771875 0.05775
0 0.45550234375 0.5393749999999999 0.0516296875 0.0475
0 0.5923234374999999 0.491125 0.069021875 0.0635
0 0.8539398437499999 0.6503125 0.0516296875 0.0475
0 0.80889921875 0.513375 0.0834234375 0.07675
0 0.8326085937500001 0.4458125 0.0714671875 0.0385
0 0.8347148437499999 0.401625 0.0850546875 0.05325
0 0.84014921875 0.294625 0.0834234375 0.07675
0 0.44904921875000003 0.2125625 0.0918484375 0.08449999999999999
0 0.2925953125 0.78175 0.075815625 0.06975
0 0.3454484375 0.6054375000000001 0.062771875 0.05775
0 0.45550234375 0.5393749999999999 0.0516296875 0.0475
0 0.5923234374999999 0.491125 0.069021875 0.0635
0 0.8539398437499999 0.6503125 0.0516296875 0.0475
0 0.80889921875 0.513375 0.0834234375 0.07675
0 0.8326085937500001 0.4458125 0.0714671875 0.0385
0 0.8347148437499999 0.401625 0.0850546875 0.05325
0 0.84014921875 0.294625 0.0834234375 0.07675
