0 0.37151093749999997 0.2396875 0.021146875000000002 0.02
0 0.4980734375 0.2959375 0.021146875000000002 0.02
0 0.5793234375 0.3209375 0.021146875000000002 0.02
0 0.7509109375 0.523875 0.017446875 0.0165
0 0.6752734375 0.6013124999999999 0.019296874999999998 0.01825
0 0.4940234375 0.6044375 0.019296874999999998 0.01825
0 0.4471484375 0.61225 0.019296874999999998 0.01825
0 0.37151093749999997 0.2396875 0.021146875000000002 0.02
0 0.4980734375 0.2959375 0.021146875000000002 0.02
0 0.5793234375 0.3209375 0.021146875000000002 0.02
0 0.7509109375 0.523875 0.017446875 0.0165
0 0.6752734375 0.6013124999999999 0.019296874999999998 0.01825
0 0.4940234375 0.6044375 0.019296874999999998 0.01825
0 0.4471484375 0.61225 0.019296874999999998 0.01825
