0 0.41017656249999995 0.167875 0.039103125 0.03575
0 0.62597734375 0.195625 0.0519546875 0.0475
0 0.652715625 0.1618125 0.04293125 0.03925
0 0.818340625 0.229 0.04293125 0.03925
0 0.753340625 0.28725 0.04730625 0.04325
0 0.7505867187499999 0.3253125 0.0355484375 0.041249999999999995
0 0.77863359375 0.3290625 0.0322671875 0.03625
0 0.6412117187499999 0.2865625 0.0355484375 0.0325
0 0.5892976562500001 0.3271875 0.0317203125 0.0325
0 0.6132625 0.33399999999999996 0.026525 0.02425
0 0.6155671875000001 0.32075 0.024884375 0.0165
0 0.60671953125 0.30674999999999997 0.0415640625 0.026000000000000002
0 0.6348835937499999 0.3444375 0.0322671875 0.0295
0 0.6945125 0.3355625 0.026525 0.02425
0 0.6724421875 0.3415 0.029259374999999997 0.026750000000000003
0 0.66925859375 0.36475 0.0322671875 0.0295
0 0.6992 0.35743749999999996 0.026525 0.02425
0 0.7193367187499999 0.36312500000000003 0.0355484375 0.0325
0 0.390840625 0.2794375 0.04730625 0.04325
0 0.366778125 0.307125 0.04293125 0.03925
0 0.313653125 0.33525 0.04293125 0.03925
0 0.32685624999999996 0.350625 0.028712500000000002 0.02
0 0.34531328125 0.356875 0.0218765625 0.026250000000000002
0 0.33045 0.36524999999999996 0.026525 0.02425
0 0.3633015625 0.3944375 0.039103125 0.03575
0 0.357403125 0.444625 0.04293125 0.03925
0 0.40214921875 0.4490625 0.0355484375 0.0325
0 0.4242390625 0.4194375 0.039103125 0.03575
0 0.2514265625 0.3861875 0.043478125 0.03175
0 0.24425859375 0.40175 0.0322671875 0.02225
0 0.2664265625 0.3725625 0.039103125 0.03575
0 0.43414140625000003 0.3539375 0.0339078125 0.036
0 0.46007890625 0.3595625 0.0295328125 0.034749999999999996
0 0.501153125 0.3555625 0.04293125 0.03925
0 0.51687578125 0.39475 0.0306265625 0.03325
0 0.5382625 0.40131249999999996 0.026525 0.03075
0 0.5599421875 0.39775 0.029259374999999997 0.026750000000000003
0 0.5583796875 0.4149375 0.029259374999999997 0.026750000000000003
0 0.64636796875 0.4165 0.0333609375 0.026750000000000003
0 0.6568367187499999 0.43499999999999994 0.0355484375 0.0325
0 0.3929890625 0.4975625 0.039103125 0.03575
0 0.4429890625 0.471 0.039103125 0.03575
0 0.48716875000000004 0.43925000000000003 0.0243375 0.02225
0 0.5036921875 0.44775 0.029259374999999997 0.026750000000000003
0 0.483575 0.4574375 0.026525 0.02425
0 0.44738359375 0.51475 0.0322671875 0.0295
0 0.47550859375 0.5163125 0.0322671875 0.0295
0 0.46017656249999994 0.53975 0.039103125 0.03575
0 0.50279375 0.4720625 0.0243375 0.02225
0 0.51406328125 0.4803125 0.0218765625 0.02
0 0.52248046875 0.49037499999999995 0.0199609375 0.01825
0 0.50748125 0.50175 0.0243375 0.02225
0 0.5286921875 0.504 0.029259374999999997 0.026750000000000003
0 0.160528125 0.51625 0.04293125 0.045
0 0.3478328125 0.54025 0.045665625 0.03675
0 0.357403125 0.5188125 0.04293125 0.034499999999999996
0 0.15519609375 0.649125 0.0322671875 0.0295
0 0.16466796875 0.6716249999999999 0.0199609375 0.01825
0 0.1683984375 0.6848124999999999 0.018046875 0.0165
0 0.19711015625 0.6433125000000001 0.053595312500000006 0.03975
0 0.20537187499999998 0.6680625 0.04511875 0.026750000000000003
0 0.20000078124999998 0.6966249999999999 0.0218765625 0.037
0 0.1882625 0.6925625 0.026525 0.032
0 0.224590625 0.7014375 0.04293125 0.04975
0 0.23957109375000002 0.7725625 0.0322671875 0.0295
0 0.2677546875 0.7961875 0.029259374999999997 0.026750000000000003
0 0.28800859375 0.8100625000000001 0.0322671875 0.0295
0 0.3538875 0.85275 0.026525 0.02425
0 0.3851765625 0.8616250000000001 0.039103125 0.03575
0 0.46347734375 0.8081250000000001 0.0519546875 0.0475
0 0.37992265625 0.744375 0.053595312500000006 0.0325
0 0.3826375 0.772625 0.052775 0.039
0 0.5983796875 0.8960000000000001 0.046759375 0.0295
0 0.75214921875 0.7887500000000001 0.057423437499999994 0.052500000000000005
0 0.83378984375 0.776875 0.0519546875 0.0475
0 0.5933984375 0.43674999999999997 0.018046875 0.0235
0 0.6027734375 0.4426875 0.018046875 0.026000000000000002
0 0.6146296875 0.450875 0.029259374999999997 0.026750000000000003
0 0.57935625 0.44331250000000005 0.0243375 0.027250000000000003
0 0.56093828125 0.45081249999999995 0.0218765625 0.0235
0 0.55435625 0.4595625 0.0243375 0.02225
0 0.5746687500000001 0.49393750000000003 0.0243375 0.02225
0 0.58560625 0.51425 0.0243375 0.02225
0 0.5984578125 0.483 0.028165625 0.02225
0 0.59654375 0.4970625 0.0243375 0.02225
0 0.6242 0.480875 0.026525 0.02425
0 0.6146296875 0.5305625 0.029259374999999997 0.026750000000000003
0 0.5661335937499999 0.55225 0.0322671875 0.0295
0 0.529278125 0.569625 0.04293125 0.03925
0 0.5773640624999999 0.580375 0.039103125 0.03575
0 0.73488359375 0.4881875 0.0322671875 0.0295
0 0.73652421875 0.5240625 0.0355484375 0.0325
0 0.7130671875 0.5086875 0.029259374999999997 0.026750000000000003
0 0.69886796875 0.5455 0.028985937499999996 0.02225
0 0.70435625 0.5626875 0.0243375 0.02225
0 0.6786921875 0.5680625 0.029259374999999997 0.026750000000000003
0 0.6632625 0.584 0.026525 0.02425
0 0.64738359375 0.4955 0.0322671875 0.02225
0 0.66093828125 0.5115624999999999 0.0218765625 0.02
0 0.6570125 0.530875 0.026525 0.02425
0 0.64531328125 0.5115624999999999 0.0218765625 0.02
0 0.8230281250000001 0.550875 0.04293125 0.03925
0 0.74238359375 0.5756875 0.0410171875 0.04825
0 0.68562578125 0.5964375000000001 0.0306265625 0.027250000000000003
0 0.713653125 0.644625 0.04293125 0.03925
0 0.6958992187499999 0.6146874999999999 0.0355484375 0.0325
0 0.6220515625 0.6118125 0.034728125 0.026750000000000003
0 0.60371171875 0.600625 0.0355484375 0.0325
0 0.61718828125 0.6381249999999999 0.0437515625 0.0325
0 0.41017656249999995 0.167875 0.039103125 0.03575
0 0.62597734375 0.195625 0.0519546875 0.0475
0 0.652715625 0.1618125 0.04293125 0.03925
0 0.818340625 0.229 0.04293125 0.03925
0 0.753340625 0.28725 0.04730625 0.04325
0 0.7505867187499999 0.3253125 0.0355484375 0.041249999999999995
0 0.77863359375 0.3290625 0.0322671875 0.03625
0 0.6412117187499999 0.2865625 0.0355484375 0.0325
0 0.5892976562500001 0.3271875 0.0317203125 0.0325
0 0.6132625 0.33399999999999996 0.026525 0.02425
0 0.6155671875000001 0.32075 0.024884375 0.0165
0 0.60671953125 0.30674999999999997 0.0415640625 0.026000000000000002
0 0.6348835937499999 0.3444375 0.0322671875 0.0295
0 0.6945125 0.3355625 0.026525 0.02425
0 0.6724421875 0.3415 0.029259374999999997 0.026750000000000003
0 0.66925859375 0.36475 0.0322671875 0.0295
0 0.6992 0.35743749999999996 0.026525 0.02425
0 0.7193367187499999 0.36312500000000003 0.0355484375 0.0325
0 0.390840625 0.2794375 0.04730625 0.04325
0 0.366778125 0.307125 0.04293125 0.03925
0 0.313653125 0.33525 0.04293125 0.03925
0 0.32685624999999996 0.350625 0.028712500000000002 0.02
0 0.34531328125 0.356875 0.0218765625 0.026250000000000002
0 0.33045 0.36524999999999996 0.026525 0.02425
0 0.3633015625 0.3944375 0.039103125 0.03575
0 0.357403125 0.444625 0.04293125 0.03925
0 0.40214921875 0.4490625 0.0355484375 0.0325
0 0.4242390625 0.4194375 0.039103125 0.03575
0 0.2514265625 0.3861875 0.043478125 0.03175
0 0.24425859375 0.40175 0.0322671875 0.02225
0 0.2664265625 0.3725625 0.039103125 0.03575
0 0.43414140625000003 0.3539375 0.0339078125 0.036
0 0.46007890625 0.3595625 0.0295328125 0.034749999999999996
0 0.501153125 0.3555625 0.04293125 0.03925
0 0.51687578125 0.39475 0.0306265625 0.03325
0 0.5382625 0.40131249999999996 0.026525 0.03075
0 0.5599421875 0.39775 0.029259374999999997 0.026750000000000003
0 0.5583796875 0.4149375 0.029259374999999997 0.026750000000000003
0 0.64636796875 0.4165 0.0333609375 0.026750000000000003
0 0.6568367187499999 0.43499999999999994 0.0355484375 0.0325
0 0.3929890625 0.4975625 0.039103125 0.03575
0 0.4429890625 0.471 0.039103125 0.03575
0 0.48716875000000004 0.43925000000000003 0.0243375 0.02225
0 0.5036921875 0.44775 0.029259374999999997 0.026750000000000003
0 0.483575 0.4574375 0.026525 0.02425
0 0.44738359375 0.51475 0.0322671875 0.0295
0 0.47550859375 0.5163125 0.0322671875 0.0295
0 0.46017656249999994 0.53975 0.039103125 0.03575
0 0.50279375 0.4720625 0.0243375 0.02225
0 0.51406328125 0.4803125 0.0218765625 0.02
0 0.52248046875 0.49037499999999995 0.0199609375 0.01825
0 0.50748125 0.50175 0.0243375 0.02225
0 0.5286921875 0.504 0.029259374999999997 0.026750000000000003
0 0.160528125 0.51625 0.04293125 0.045
0 0.3478328125 0.54025 0.045665625 0.03675
0 0.357403125 0.5188125 0.04293125 0.034499999999999996
0 0.15519609375 0.649125 0.0322671875 0.0295
0 0.16466796875 0.6716249999999999 0.0199609375 0.01825
0 0.1683984375 0.6848124999999999 0.018046875 0.0165
0 0.19711015625 0.6433125000000001 0.053595312500000006 0.03975
0 0.20537187499999998 0.6680625 0.04511875 0.026750000000000003
0 0.20000078124999998 0.6966249999999999 0.0218765625 0.037
0 0.1882625 0.6925625 0.026525 0.032
0 0.224590625 0.7014375 0.04293125 0.04975
0 0.23957109375000002 0.7725625 0.0322671875 0.0295
0 0.2677546875 0.7961875 0.029259374999999997 0.026750000000000003
0 0.28800859375 0.8100625000000001 0.0322671875 0.0295
0 0.3538875 0.85275 0.026525 0.02425
0 0.3851765625 0.8616250000000001 0.039103125 0.03575
0 0.46347734375 0.8081250000000001 0.0519546875 0.0475
0 0.37992265625 0.744375 0.053595312500000006 0.0325
0 0.3826375 0.772625 0.052775 0.039
0 0.5983796875 0.8960000000000001 0.046759375 0.0295
0 0.75214921875 0.7887500000000001 0.057423437499999994 0.052500000000000005
0 0.83378984375 0.776875 0.0519546875 0.0475
0 0.5933984375 0.43674999999999997 0.018046875 0.0235
0 0.6027734375 0.4426875 0.018046875 0.026000000000000002
0 0.6146296875 0.450875 0.029259374999999997 0.026750000000000003
0 0.57935625 0.44331250000000005 0.0243375 0.027250000000000003
0 0.56093828125 0.45081249999999995 0.0218765625 0.0235
0 0.55435625 0.4595625 0.0243375 0.02225
0 0.5746687500000001 0.49393750000000003 0.0243375 0.02225
0 0.58560625 0.51425 0.0243375 0.02225
0 0.5984578125 0.483 0.028165625 0.02225
0 0.59654375 0.4970625 0.0243375 0.02225
0 0.6242 0.480875 0.026525 0.02425
0 0.6146296875 0.5305625 0.029259374999999997 0.026750000000000003
0 0.5661335937499999 0.55225 0.0322671875 0.0295
0 0.529278125 0.569625 0.04293125 0.03925
0 0.5773640624999999 0.580375 0.039103125 0.03575
0 0.73488359375 0.4881875 0.0322671875 0.0295
0 0.73652421875 0.5240625 0.0355484375 0.0325
0 0.7130671875 0.5086875 0.029259374999999997 0.026750000000000003
0 0.69886796875 0.5455 0.028985937499999996 0.02225
0 0.70435625 0.5626875 0.0243375 0.02225
0 0.6786921875 0.5680625 0.029259374999999997 0.026750000000000003
0 0.6632625 0.584 0.026525 0.02425
0 0.64738359375 0.4955 0.0322671875 0.02225
0 0.66093828125 0.5115624999999999 0.0218765625 0.02
0 0.6570125 0.530875 0.026525 0.02425
0 0.64531328125 0.5115624999999999 0.0218765625 0.02
0 0.8230281250000001 0.550875 0.04293125 0.03925
0 0.74238359375 0.5756875 0.0410171875 0.04825
0 0.68562578125 0.5964375000000001 0.0306265625 0.027250000000000003
0 0.713653125 0.644625 0.04293125 0.03925
0 0.6958992187499999 0.6146874999999999 0.0355484375 0.0325
0 0.6220515625 0.6118125 0.034728125 0.026750000000000003
0 0.60371171875 0.600625 0.0355484375 0.0325
0 0.61718828125 0.6381249999999999 0.0437515625 0.0325
